n_and_time <- c(8, 0.21, 18, 0.18, 28, 0.17, 38, 0.17, 48, 0.18, 58, 0.22, 68, 0.30, 78, 0.19, 88, 0.20, 98, 0.23, 108, 0.21, 118, 0.20, 128, 0.24, 138, 0.22, 148, 0.22, 158, 0.26, 168, 0.27, 178, 0.29, 188, 0.23, 198, 0.27, 208, 0.26, 218, 0.29, 228, 0.27, 238, 0.30, 248, 0.27, 258, 0.25, 268, 0.29, 278, 0.28, 288, 0.30, 298, 0.28, 308, 0.29, 318, 0.36, 328, 0.34, 338, 0.31, 348, 0.36, 358, 0.33, 368, 0.34, 378, 0.35)
n <- n_and_time[c(T, F)]
time <- n_and_time[c(F, T)]
